6733317819238125433
3781650286145070521
779527294626614709
8164451074835264288
5229284110444876562
5179836604623704616
1121050476995301957
6636052101868713690
6251242258814936842
200878071961453439
1575265549661003810
6766196665231368472
94583138780583080
448394680320196939
6482474180451694790
4904526183923136014
3809346870132588808
7445413579646138460
8881082385014533400
8607950309076354202
2905143539962672746
5332206603848961250
8486885430381999073
478710777265055828
5694688380961860070
3110213971985574425
5178324353778641135
6501055470427141685
7569985370343709138
1901134504825886184
2341304988338336086
934799245437254135
6556743055300011141
4494604993948597012
3232855896091268362
9027840494528168438
3341281509215814740
3220836281400022503
6672254800128337276
6776874856416804954
6505831303283580896
536634396969197558
5181876449630562627
1140218691894870534
2880097085852070603
6609949431788986545
649694631413792520
6793697847088399551
3462962235027914929
8320769780732594415
2715718844695681597
6811627202312179295
3250852091314220260
7209627217936437551
2055717929466998801
419094701998792406
4933595561576177319
4707952270739618944
3936000569804645347
84244371008148850
1467063329762034550
1694168067199635486
4067351400269959712
3014294584333305879
121698817946754258
6971403329966831680
4378149373796458990
1398505940707163470
4265353364061034815
5173520490782729046
1015307818395952973
3376446686499979051
2782111444602563535
10149586323148229
4027809383000843497
1097066210050685892
8730497971513384325
8897776947362241149
8016013942735971690
6294248387128511833
4445438289595156796
2922668675785543050
2189623292475625366
6709758844812410411
6101404089215168312
6000733578865940885
3763388907649066516
5035440213766305392
6850002185841684298
342146341552523484
4312804345842104886
5841451505258436393
7787919883934725134
834522904179745706
3340509965304927962
7800585762230245708
8016454441871357503
3461812071772076888
466924959628035829
5487569763802780834